2.726426703
3.043442645
3.362664962
3.684148146
4.007930708
4.334012526
4.662346332
4.992864751
5.325534485
5.660372129
5.997425812
6.336745645
6.678356004
7.022237704
7.368330006
7.716574725
8.066958973
8.419514454
8.774292975
9.131336697
9.490653864
9.852206638
10.21592864
10.58177764
10.94976057
11.31992043
11.69230826
12.06695479
12.44385042
12.82294078
13.20416295
13.58749428
13.9729591
14.36060724
14.75048458
15.14260738
15.53694722
15.93343885
16.33203146
16.73272271
17.13555055
17.54056668
17.94780756
18.35727254
18.76891567
19.1826719
19.59850883
20.01644187
20.43651656
20.85878016
21.28325509
21.70992184
22.1387213
22.56959764
23.0025387
23.4375748
23.87475503
24.31411872
24.75567233
25.19937802
25.64517155
26.0930131
26.54290999
26.99490337
27.44904131
27.90535162
28.36382307
28.82440184
29.28702782
29.75168064
30.21838446
30.68718671
31.15812995
31.63122748
32.10644968
32.58373342
33.06303162
33.54434361
34.02770594
34.51316683
35.00075871
35.49047788
35.98227789
36.47609705
36.97190678
37.46972349
37.96959067
38.47155171
38.97562503
39.48178854
39.98998407
40.50016026
41.01230835
41.52645864
42.04265729
42.56093924
43.08130699
43.60372082
44.12811927
44.6544675
45.18277529
45.71308262
46.24543366
46.77985148
47.3163211
47.85478821
48.39519733
48.9375329
49.48182034
50.02810462
50.57642356
51.12678559
51.679158
52.23348
52.78971062
53.34785288
53.90794271
54.47002419
55.03412408
55.60023375
56.16830516
56.7382814
57.31014002
57.88389983
58.45960232
59.03728586
59.61696312
60.19860776
60.78216263
61.36758292
61.95486516
62.54404038
63.1351512
63.72822677
64.32326381
64.92021971
65.51903703
66.11968808
66.72218644
67.32657095
67.93288085
68.54113285
69.15130662
69.76334734
70.37720624
70.9928744
71.61037912
72.22976236
72.85105588
73.47426156
74.09934261
74.72624174
75.35492607
75.98540353
76.61770943
77.2518828
77.88794332
78.52587604
79.16563134
79.80715899
80.45044428
81.09550898
81.74239202
82.39112555
83.04171502
83.69412896
84.34831241
85.00422909
85.66188186
86.32130235
86.98252872
87.64558291
88.31045467
88.97709843
89.64546282
90.31552887
90.98731434
91.66085628
92.33618778
93.01331786
93.69221998
94.37284015
95.05513855
95.73911376
96.42479464
97.11221899
97.80141108
98.49236508
99.18504017
99.87938466
100.5753752
101.2730249
101.9723677
102.6734364
103.3762425
104.0807641
104.7869513
105.4947628
106.2041922
106.915264
107.6280133
108.3424648
109.0586158
109.7764298
110.4958564
111.2168692
111.9394776
112.6637127
113.389607
114.1171741
114.8463962
115.577226
116.3096207
117.0435708
117.7790975
118.5162349
119.2550086
119.9954189
120.7374334
121.4810019
122.2260952
122.9727192
123.7209028
124.4706779
125.2220601
125.9750351
126.7295598
127.4855905
128.2431142
129.0021481
129.7627238
130.5248665
131.2885788
132.0538323
132.8205796
133.5887898
134.358465
135.1296304
135.9023165
136.676539
137.4522869
138.2295201
139.0081956
139.7882978
140.5698411
141.3528549
142.1373643
142.9233739
143.7108585
144.4997723
145.290083
146.0817901
146.8749166
147.669492
148.4655331
149.2630315
150.0619504
150.8622467
151.6639024
152.4669292
153.2713542
154.0772023
154.8844793
155.6931637
156.5032124
157.3145925
158.1273003
158.9413557
159.7567858
160.5736072
161.3918135
162.2113714
163.0322395
163.8543983
164.6778564
165.5026384
166.3287676
167.1562507
167.9850689
168.8151815
169.6465557
170.4791858
171.3130893
172.1482917
172.9848097
173.8226386
174.6617479
175.5020967
176.3436645
177.1864578
178.0304994
178.875812
179.7224034
180.5702569
181.4193348
182.2696038
183.1210563
183.9737073
184.8275804
185.6826917
186.5390379
187.3965916
188.2553143
189.1151847
189.9762065
190.8383996
191.7017847
192.5663696
193.4321395
194.2990595
195.1670975
196.0362447
196.9065134
197.7779251
198.650495
199.5242208
200.3990774
201.2750283
202.1520519
203.0301504
203.9093416
204.789645
205.6710684
206.5535988
207.4372033
208.3218502
209.2075296
210.0942525
210.9820385
211.8709024
212.7608429
213.6518373
214.5438512
215.4368627
216.3308722
217.225895
218.1219489
219.019041
219.91716
220.8162759
221.7163589
222.6173982
223.519402
224.4223873
225.3263674
226.2313408
227.1372872
228.0441744
228.9519813
229.8607071
230.7703649
231.6809705
232.5925307
233.5050352
234.4184565
235.3327661
236.2479528
237.1640234
238.0809932
238.9988741
239.9176651
240.8373476
241.7578912
242.6792753
243.6014979
244.5245706
245.4485075
246.3733148
247.2989835
248.2254884
249.1528027
250.080915
251.00983
251.9395606
252.8701171
253.8014985
254.7336877
255.6666575
256.6003881
257.5348764
258.4701317
259.4061658
260.3429837
261.2805768
262.2189224
263.1579957
264.0977855
265.0382951
265.9795354
266.9215152
267.8642331
268.8076737
269.7518118
270.6966287
271.6421208
272.5882958
273.5351636
274.4827284
275.4309824
276.3799046
277.3294721
278.2796739
279.230512
280.1819953
281.134131
282.0869176
283.0403409
283.9943784
284.9490128
285.9042397
286.8600645
287.8164951
288.7735342
289.7311744
290.689397
291.6481814
292.6075171
293.5674047
294.527851
295.488861
296.4504327
297.4125532
298.3752023
299.3383642
300.3020344
301.2662165
302.2309164
303.1961357
304.1618672
305.1280941
306.0947978
307.0619683
308.0296056
308.9977142
309.9662978
310.9353537
311.9048702
312.8748295
313.8452173
314.8160285
315.7872653
316.7589314
317.731027
318.7035451
319.6764711
320.6497889
321.6234891
322.5975702
323.5720348
324.5468844
325.5221154
326.4977175
327.4736752
328.449976
329.4266148
330.4035918
331.3809088
332.3585643
333.3365516
334.314858
335.2934695
336.2723778
337.2515805
338.231078
339.2108701
340.1909527
341.1713162
342.1519475
343.1328358
344.1139759
345.0953665
346.0770073
347.0588956
348.0410248
349.0233841
350.0059618
350.9887504
351.9717464
352.9549483
353.9383539
354.9219583
355.9057531
356.8897275
357.8738728
358.8581834
359.8426564
360.8272892
361.8120776
362.7970151
363.7820927
364.7673014
365.7526344
366.7380874
367.7236568
368.7093384
369.6951267
370.6810143
371.6669929
372.6530554
373.6391963
374.6254112
375.6116951
376.5980427
377.5844475
378.5709025
379.5574008
380.5439368
381.5305049
382.5170998
383.5037154
384.4903453
385.4769831
386.4636233
387.4502603
388.4368885
389.4235018
390.4100934
391.3966563
392.3831843
393.3696721
394.3561156
395.3425097
396.3288482
397.3151233
398.3013273
399.2874531
400.2734956
401.2594515
402.2453171
403.2310867
404.2167524
405.2023054
406.1877374
407.1730423
408.158217
409.1432596
410.128166
411.1129287
412.0975381
413.0819845
414.0662601
415.050361
416.0342865
417.0180348
418.0015997
418.9849718
419.96814
420.9510947
421.9338301
422.9163452
423.8986404
424.8807122
425.8625521
426.8441486
427.8254902
428.8065687
429.7873816
430.7679303
431.7482147
432.7282285
433.7079605
434.6873976
435.6665292
436.6453499
437.6238608
438.6020647
439.5799585
440.5575327
441.5347736
442.5116679
443.4882072
444.4643901
445.4402211
446.4157013
447.3908241
448.3655762
449.3399426
450.3139113
451.2874775
452.2606445
453.2334175
454.205794
455.177763
456.1493088
457.1204165
458.0910773
459.0612913
460.0310654
461.0004021
461.9692942
462.937727
463.9056835
464.873151
465.8401253
466.8066121
467.7726184
468.738142
469.7031708
470.6676871
471.6316745
472.5951241
473.5580379
474.5204252
475.4822898
476.4436237
477.4044101
478.3646301
479.32427
480.2833266
481.2418082
482.1997241
483.1570723
484.1138388
485.0700035
486.0255487
486.980465
487.9347565
488.8884351
489.8415055
490.7939592
491.7457773
492.6969392
493.6474305
494.5972491
495.5464055
496.4949106
497.4427624
498.3899457
499.3364389
500.2822228
501.227289
502.1716432
503.1152996
504.0582638
505.000526
505.9420657
506.8828605
507.8228955
508.7621699
509.700697
510.6384893
511.5755446
512.5118457
513.4473687
514.3820933
515.3160112
516.2491308
517.1814692
518.1130326
519.0438098
519.9737779
520.9029125
521.831198
522.758635
523.6852394
524.6110255
525.5359905
526.4601156
527.3833753
528.3057482
529.227227
530.1478222
531.0675525
531.9864246
532.9044262
533.8215327
534.7377188
535.652969
536.567286
537.4806882
538.3931908
539.3047903
540.2154658
541.12519
542.0339408
542.9417115
543.8485156
544.7543741
545.6592936
546.5632599
547.4662463
548.3682256
549.2691824
550.1691212
551.0680637
551.9660266
552.8630052
553.7589763
554.6539104
555.5477846
556.4405933
557.3323523
558.2230847
559.1127971
560.0014738
560.8890862
561.7756062
562.6610191
563.5453315
564.4285674
565.3107438
566.1918549
567.071876
567.9507762
568.8285325
569.7051412
570.580621
571.4549967
572.3282738
573.2004349
574.0714491
574.9412872
575.8099351
576.677402
577.543715
578.4088916
579.2729244
580.1357858
580.9974431
581.8578728
582.7170727
583.5750648
584.4318759
585.287511
586.1419502
586.9951604
587.8471114
588.69779
589.5472079
590.3953945
591.2423672
592.0881172
592.9326154
593.7758278
594.6177314
595.4583265
596.2976377
597.1356926
597.9724948
598.8080225
599.6422413
600.4751205
601.3066483
602.1368397
602.9657265
603.7933257
604.619626
605.4445959
606.2682
607.0904156
607.9112452
608.7307175
609.5488612
610.3656784
611.1811444
611.9952221
612.8078801
613.619108
614.4289239
615.237362
616.0444391
616.8501417
617.6544361
618.4572855
619.2586682
620.0585893
620.85708
621.6541692
622.4498575
623.2441183
624.0369134
624.828212
625.6180057
626.4063163
627.1931794
627.9786102
628.762593
629.5450919
630.3260697
631.1055058
631.8834084
632.6598122
633.4347461
634.2082081
634.9801688
635.7505882
636.5194352
637.2867037
638.0524196
638.816621
639.5793219
640.3405033
641.1001265
641.8581527
642.6145623
643.3693668
644.1226037
644.874302
645.6244575
646.3730385
647.1200036
647.8653226
648.6089922
649.3510414
650.0915086
650.830406
651.5677126
652.3033883
653.0373949
653.7697151
654.5003643
655.2293825
655.9567973
656.6826018
657.4067615
658.1292339
658.8499897
659.5690287
660.286384
661.002095
661.7161713
662.4285884
663.1393039
663.848279
664.5554985
665.2609816
665.964772
666.6668966
667.367345
668.0660795
668.7630561
669.4582461
670.1516524
670.8433118
671.5332638
672.2215158
672.9080408
673.5927949
674.27574
674.9568637
675.6361893
676.3137615
676.989605
677.6637069
678.3360277
679.0065234
679.6751678
680.3419677
681.0069635
681.6701943
682.331664
682.9913423
683.6491837
684.3051505
684.9592333
685.61146
686.2618775
686.9105084
687.5573357
688.2023168
688.8454069
689.4865811
690.1258505
690.7632594
691.3988469
692.0326136
692.6645257
693.2945358
693.9226069
694.5487328
695.1729454
695.7952926
696.4157943
697.0344305
697.6511573
698.26593
698.8787268
699.4895633
700.0984864
700.7055328
701.3106999
701.9139513
702.5152392
703.1145287
703.7118173
704.3071421
704.900551
705.4920604
706.0816467
706.6692631
707.2548654
707.8384344
708.4199904
708.9995843
709.5772511
710.1529837
710.7267422
711.2984768
711.8681541
712.4357754
713.0013823
713.5650235
714.1267121
714.6864206
715.2441004
715.7997076
716.3532264
716.9046818
717.454126
718.0015914
718.5470677
719.0905125
719.6318768
720.1711299
720.7082782
721.243367
721.7764435
722.3075167
722.8365557
723.3635107
723.8883395
724.41103
724.9316127
725.4501417
725.9666458
726.4811101
726.9934893
727.5037336
728.011815
728.5177446
729.0215729
729.5233465
730.0230699
730.5207077
731.0162077
731.5095284
732.0006615
732.4896425
732.9765268
733.4613402
733.9440636
734.4246494
734.9030483
735.3792357
735.8532278
736.3250775
736.7948288
737.262482
737.7279992
738.1913284
738.6524311
739.1113041
739.5679881
740.0225379
740.4749749
740.9252756
741.3733903
741.8192708
742.262896
742.7042879
743.1435028
743.5805818
744.0155198
744.4482752
744.8787947
745.307042
745.7330186
746.156771
746.578355
746.9977874
747.4150397
747.830059
748.2427978
748.6532382
749.0614078
749.467365
749.8711478
750.2727469
750.6721177
751.0692074
751.4639831
751.856452
752.2466641
752.6346729
753.0204902
753.4040844
753.7854024
754.1643994
754.5410627
754.9154261
755.287549
755.6574647
756.0251587
756.3905835
756.7536866
757.1144383
757.4728515
757.8289814
758.1828793
758.5345515
758.8839615
759.2310545
759.5757871
759.9181514
760.2581871
760.5959558
760.9314864
761.264759
761.5957228
761.9243256
762.2505413
762.5743886
762.8959255
763.2152005
763.5322151
763.8469295
764.159289
764.4692535
764.7768211
765.0820365
765.3849597
765.6856143
765.9839763
766.2799936
766.5736161
766.8648229
767.1536391
767.4401256
767.7243267
768.0062378
768.2858153
768.5630042
768.8377674
769.1101086
769.3800787
769.6477372
769.9131019
770.1761432
770.4368064
770.6950425
770.950835
771.2042151
771.4552468
771.7039702
771.9503754
772.1944151
772.4360344
772.6751996
772.9119207
773.1462524
773.3782516
773.6079307
773.8352565
774.0601739
774.2826371
774.5026357
774.720207
774.935415
775.1482943
775.3588294
775.5669711
775.7726657
775.9758846
776.1766441
776.3750036
776.5710164
776.7646886
776.9559821
777.1448407
777.3312214
777.5151191
777.6965781
777.8756635
778.0524044
778.2267792
778.398735
778.5682187
778.7352058
778.8997189
779.0618211
779.2215622
779.3789425
779.53392
779.6864384
779.8364583
779.9839808
780.1290554
780.2717448
780.4120722
780.5500118
780.6855099
780.8185167
780.9490136
781.0770303
781.2026313
781.3258611
781.4467136
781.5651437
781.6810958
781.7945347
781.9054681
782.0139512
782.1200446
782.2237648
782.3250801
782.4239352
782.5202823
782.6141081
782.7054494
782.7943739
782.880921
782.965078
783.0467952
783.1260171
783.2027121
783.2768942
783.3486231
783.4179563
783.4849043
783.5494314
783.6114818
783.6710114
783.7280133
783.7825303
783.8346284
783.8843409
783.9316499
783.9765048
784.018853
784.0586689
784.095974
784.1308313
784.1632934
784.1933637
784.2210021
784.2461529
784.2687756
784.2888696
784.3064845
784.3216855
784.3344989
784.3449007
784.3528375
784.3582582
784.3611424
784.3615186
784.3594537
784.354996
784.348142
784.3388471
784.3270552
784.3127294
784.2958758
784.2765487
784.2548112
784.2306832
784.204136
784.1751155
784.1435742
784.109498
784.0729225
784.0339142
783.992515
783.9487156
783.9024694
783.8537223
783.8024434
783.748646
783.6923893
783.6337323
783.5726875
783.5092211
783.4432783
783.3748145
783.3038222
783.2303437
783.1544468
783.0761668
782.9954875
782.9123587
782.8267274
782.7385674
782.647899
782.5547859
782.4592834
782.3613971
782.2610885
782.1583021
782.0529972
781.9451727
781.8348767
781.722175
781.6070964
781.4896195
781.3696933
781.247268
781.1223237
780.9948882
780.8650266
780.732788
780.5981713
780.4611349
780.3216249
780.1796056
780.0350833
779.8881118
779.7387544
779.5870321
779.4329177
779.2763587
779.1173079
778.9557515
778.7917244
778.6252945
778.456505
778.2853474
778.1117759
777.935737
777.7571995
777.5761762
777.3927262
777.2069095
777.0187403
776.8281865
776.6351949
776.439722
776.2417605
776.0413516
775.8385621
775.6334281
775.4259359
775.2160383
775.0036846
774.7888502
774.5715555
774.3518625
774.1298255
773.9054514
773.6787043
773.4495314
773.2178939
772.9837915
772.747272
772.5084006
772.2672062
772.0236683
771.7777376
771.5293657
771.2785336
771.0252688
770.7696374
770.5116888
770.2514222
769.9887969
769.72376
769.4562765
769.1863528
768.9140418
768.6394065
768.3624688
768.0832032
767.8015595
767.5174932
767.2309915
766.9420891
766.6508511
766.3573203
766.0614898
765.7633173
765.4627527
765.1597673
764.8543751
764.5466334
764.2366001
763.9242896
763.6096715
763.2926956
762.9733211
762.6515421
762.3273998
762.0009597
761.6722571
761.3412783
761.0079781
760.672308
760.3342448
759.9938092
759.6510633
759.306061
758.958809
758.609272
758.2573992
757.9031538
757.5465359
757.1875926
756.8263874
756.4629486
756.0972575
755.7292678
755.3589346
754.9862411
754.6112152
754.2339194
753.8544009
753.4726598
753.0886587
752.7023492
752.3137
751.9227192
751.5294586
751.1339782
750.7362983
750.3363951
749.9342211
749.5297351
749.1229264
748.7138298
748.3025092
747.889005
747.4733102
747.0553841
746.6351793
746.2126695
745.7878693
745.3608356
744.9316246
744.5002497
744.0666817
743.630873
743.1927859
742.752416
742.3098038
741.865012
741.4180741
740.9689776
740.5176807
740.0641393
739.6083334
739.1502847
738.6900519
738.227685
737.7631903
737.2965359
736.8276755
736.3565767
735.8832425
735.4077189
734.9300659
734.4503093
733.968431
733.4843878
732.9981384
732.5096688
732.0190075
731.5262155
731.031337
730.534371
730.0352818
729.5340238
729.0305692
728.524927
728.0171483
727.5072901
726.9953712
726.4813687
725.9652387
725.4469438
724.926476
724.4038697
723.8791852
723.3524596
722.8236865
722.2928288
721.7598442
721.2247107
720.6874446
720.1480997
719.6067273
719.0633392
718.5179087
717.970393
717.4207592
716.8690062
716.3151742
715.7593217
715.2014787
714.6416328
714.079745
713.5157756
712.949708
712.3815649
711.8114034
711.2392699
710.6651689
710.0890697
709.5109296
708.93072
708.3484456
707.7641513
707.1778933
706.5896948
705.9995386
705.4073853
704.8131988
704.2169685
703.6187231
703.0185192
702.4163964
701.8123536
701.2063587
700.598372
699.9883706
699.3763661
698.7624068
698.1465442
697.5287943
696.9091357
696.2875296
695.6639436
695.0383736
694.4108538
693.7814404
693.1501661
692.5170238
691.8819791
691.2449944
690.6060519
689.9651692
689.3223985
688.6777868
688.0313433
687.3830426
686.7328457
686.080724
685.426679
684.7707495
684.1129894
683.4534253
682.7920452
682.1288145
681.4636991
680.7966869
680.1278014
679.4570948
678.7846078
678.1103437
677.4342755
676.7563669
676.076595
675.3949674
674.7115272
674.0263242
673.3393778
672.6506718
671.9601714
671.2678462
670.5736895
669.8777304
669.1800212
668.4805965
667.7794535
667.076563
666.3718902
665.6654169
664.9571563
664.2471547
663.5354586
662.8220809
662.1070014
661.3901856
660.6716064
659.9512629
659.2291883
658.5054333
657.780026
657.0529594
656.3242037
655.5937276
654.8615182
654.1275945
653.3920036
652.6547858
651.9159483
651.1754691
650.4333157
649.6894659
648.9439247
648.1967293
647.4479273
646.6975401
645.9455563
645.1919459
644.4366805
643.6797526
642.921186
642.1610287
641.3993157
640.6360482
639.8712018
639.1047455
638.3366613
637.5669591
636.7956794
636.0228664
635.2485356
634.4726723
633.6952465
632.9162334
632.1356305
631.353466
630.5697862
629.78462
628.9979644
628.2097947
627.4200829
626.6288163
625.83601
625.0417057
624.2459422
623.4487296
622.6500506
621.8498771
621.0481888
620.2449881
619.4403073
618.6341902
617.8266595
617.017708
616.2073104
615.3954416
614.5820935
613.7672858
612.9510614
612.1334543
611.3144691
610.4940862
609.6722787
608.84903
608.0243472
607.1982652
606.3708248
605.5420434
604.7119106
603.8804017
603.0474947
602.2131865
601.3775005
600.5404781
599.7021479
598.8625102
598.0215454
597.1792293
596.3355502
595.4905199
594.6441749
593.7965512
592.9476608
592.0974911
591.2460186
590.3932252
589.5391123
588.6837069
587.8270486
586.9691603
586.1100383
585.2496624
584.388011
583.5250764
582.6608747
581.7954433
580.9288144
580.060995
579.1919702
578.3217176
577.4502225
576.5774904
575.7035504
574.8284396
573.9521756
573.0747524
572.1961501
571.3163506
570.4353505
569.5531693
568.669843
567.7853987
566.8998396
566.0131505
565.1253119
564.2363137
563.3461652
562.4548973
561.5625428
560.6691146
559.7746042
558.8789929
557.9822659
557.0844239
556.1854891
555.2854963
554.3844674
553.482402
552.5792846
551.6750979
550.7698353
549.8635097
548.9561528
548.0477938
547.1384411
546.2280847
545.3167071
544.4042965
543.4908572
542.5764134
541.6609972
540.7446259
539.8272969
538.9089955
537.9897073
537.0694298
536.1481788
535.2259849
534.3028724
533.3788465
532.4538969
531.5280085
530.6011736
529.6733997
528.7447125
527.8151403
526.8846963
525.9533758
525.0211651
524.0880528
523.1540399
522.2191443
521.2833954
520.3468135
519.4094004
518.4711455
517.532036
516.5920671
515.6512494
514.7096086
513.76717
512.823943
511.8799217
510.9350939
509.9894512
509.0429973
508.0957519
507.1477416
506.1989827
505.2494752
504.2992094
503.3481754
502.3963719
501.4438115
500.4905193
499.5365162
498.5818086
497.6263906
496.6702521
495.713388
494.7558049
493.7975231
492.8385663
491.878947
490.9186636
489.9577076
488.9960717
488.0337573
487.0707789
486.1071601
485.1429184
484.1780576
483.2125718
482.2464528
481.2796984
480.3123172
479.3443294
478.3757556
477.4066053
476.4368764
475.4665619
474.495657
473.5241659
472.5521039
471.579492
470.6063441
469.6326628
468.6584432
467.6836799
466.7083734
465.732534
464.7561809
463.7793311
462.8019915
461.8241603
460.8458323
459.8670057
458.8876866
457.9078906
456.9276358
455.9469334
454.9657846
453.984186
453.0021344
452.0196326
451.0366921
450.0533303
449.0695614
448.0853904
447.1008157
446.1158344
445.1304468
444.1446606
443.1584905
442.1719521
441.1850538
440.1977972
439.2101801
438.2222023
437.2338682
436.2451895
435.2561813
434.2668547
433.2772139
432.2872587
431.2969886
430.3064062
429.3155201
428.3243436
427.3328893
426.3411639
425.3491692
424.3569053
423.3643739
422.3715811
421.3785379
420.385257
419.3917471
418.398012
417.404053
416.4098716
415.4154725
414.4208641
413.4260581
412.4310645
411.4358889
410.440534
409.4450019
408.4492963
407.4534241
406.4573951
405.4612192
404.4649034
403.4684521
402.4718684
401.475156
400.4783208
399.4813709
398.4843154
397.4871619
396.4899159
395.4925816
394.4951632
393.4976663
392.5000978
391.5024657
390.5047774
389.5070388
388.5092552
387.5114317
386.5135739
385.5156883
384.5177809
383.5198584
382.5219282
381.5239987
380.5260788
379.5281781
378.5303062
377.5324739
376.5346923
375.5369727
374.539326
373.5417627
372.5442943
371.5469329
370.5496907
369.5525786
368.5556065
367.558785
366.562126
365.5656419
364.5693443
363.5732426
362.5773461
361.5816655
360.5862135
359.5910027
358.5960433
357.6013435
356.6069127
355.6127629
354.6189076
353.6253588
352.6321252
351.6392147
350.6466378
349.6544081
348.6625391
347.6710414
346.6799222
345.6891901
344.6988573
343.7089382
342.7194458
341.7303885
340.7417729
339.7536091
338.7659109
337.7786933
336.7919672
335.8057391
334.820016
333.8348103
332.8501372
331.8660108
330.8824393
329.899428
328.9169861
327.9351278
326.953869
325.9732217
324.9931913
324.0137837
323.0350105
322.0568879
321.079431
320.1026486
319.1265444
318.1511263
317.1764086
316.2024085
315.229139
314.256605
313.2848107
312.3137669
311.3434904
310.3739978
309.4052985
308.4373947
307.4702929
306.5040072
305.5385559
304.5739535
303.6102049
302.6473126
301.6852863
300.7241431
299.7639009
298.80457
297.8461522
296.8886519
295.9320826
294.9764632
294.0218093
293.0681264
292.1154152
291.1636839
290.2129497
289.2632312
288.3145404
287.3668783
286.4202475
285.4746608
284.5301374
283.5866944
282.6443383
281.7030683
280.7628909
279.8238229
278.8858842
277.9490882
277.013436
276.078928
275.1455757
274.2133987
273.2824159
272.3526348
271.4240532
270.4966757
269.5705183
268.6456023
267.7219426
266.7995406
265.8783945
264.958514
264.0399192
263.1226306
262.2066571
261.2919953
260.3786474
259.4666286
258.5559613
257.6466624
256.738734
255.8321724
254.9269854
254.0231928
253.1208165
252.2198673
251.3203417
250.4222394
249.5255741
248.6303683
247.7366406
246.8443942
245.9536239
245.0643351
244.1765469
243.2902819
242.4055529
241.5223566
240.6406902
239.7605659
238.8820062
238.0050313
237.1296463
236.2558447
235.3836295
234.5130186
233.6440359
232.7766963
231.910997
231.046933
230.1845142
229.3237631
228.464702
227.6073377
226.7516625
225.8976768
225.0453973
224.1948488
223.3460484
222.4989943
221.6536789
220.8101097
219.9683091
219.128301
218.2900946
217.4536814
216.6190585
215.7862411
214.955255
214.1261198
213.2988351
212.473391
211.6497925
210.8280612
210.0082227
209.1902885
208.3742506
207.5601033
206.7478596
205.937545
205.1291807
204.3227685
203.5182973
202.7157689
201.9152033
201.1166267
200.3200529
199.5254748
198.7328841
197.9422912
197.1537211
196.3671972
195.5827233
194.8002876
194.0198889
193.2415456
192.4652846
191.6911225
190.9190533
190.1490662
189.381169
188.6153861
187.8517426
187.0902452
186.3308814
185.5736465
184.8185571
184.0656407
183.3149167
182.5663807
181.8200192
181.0758369
180.3338575
179.5941079
178.8565979
178.1213141
177.3882486
176.6574157
175.9288435
175.2025542
174.4785453
173.7568013
173.0373235
172.3201344
171.6052624
170.8927205
170.1824964
169.474579
168.7689798
168.0657262
167.3648421
166.6663281
165.9701676
165.2763583
164.5849204
163.8958825
163.2092601
162.5250425
161.8432157
161.1637881
160.4867861
159.8122353
159.1401395
158.4704816
157.8032558
157.1384802
156.4761839
155.8163851
155.1590752
154.504238
153.8518782
153.2020212
152.5546947
151.9099053
151.2676361
150.6278774
149.9906449
149.3559679
148.7238676
148.0943376
147.4673592
146.8429335
146.2210848
145.6018421
144.9852157
144.3711885
143.7597472
143.1509046
142.5446902
141.9411281
141.3402147
140.7419288
140.1462678
139.5532543
138.9629189
138.3752757
137.790309
137.2080025
136.6283653
136.0514261
135.4772107
134.9057191
134.3369298
133.770836
133.2074574
132.6468242
132.0889531
131.5338306
130.9814377
130.4317797
129.8848836
129.3407769
128.7994631
128.2609209
127.7251397
127.1921365
126.6619416
126.1345746
125.610025
125.0882713
124.569315
124.0531816
123.5399003
123.0294781
122.5218941
122.0171341
121.5152117
121.0161574
120.5199936
120.0267128
119.5362911
119.048726
118.5640413
118.0822675
117.6034155
117.127465
116.6543977
116.184224
115.7169741
115.2526734
114.7913175
114.3328804
113.8773553
113.424764
112.9751384
112.5284935
112.0848111
111.6440698
111.206276
110.7714587
110.339645
109.9108345
109.4850016
109.062135
108.642253
108.2253868
107.8115538
107.4007386
106.9929173
106.5880919
106.1862892
105.7875379
105.3918412
104.9991742
104.6095221
104.2228995
103.8393376
103.4588567
103.0814448
102.707076
102.3357481
101.967486
101.6023196
101.2402561
100.8812718
100.5253477
100.1724952
99.82274482
99.47611979
99.13261157
98.79219227
98.45485545
98.12062366
97.78952803
97.46157979
97.13675621
96.81503455
96.49642236
96.18094954
95.86864218
95.5594954
95.25347944
94.95058341
94.65082744
94.35424375
94.06084769
93.77061902
93.48353188
93.19958964
92.9188206
92.64125269
92.36688524
92.09568922
91.82764946
91.56278208
91.30111836
91.04267617
90.78743856
90.53537747
90.28649161
90.04080668
89.79835155
89.55912943
89.32311256
89.09028193
88.86064992
88.6342471
88.41109419
88.19117807
87.97446909
87.76096162
87.55067893
87.34365093
87.13988492
86.93935475
86.74203762
86.54794207
86.35709781
86.16952825
85.98522419
85.80415444
85.62630889
85.45170814
85.280383
85.11234475
84.94756897
84.78602909
84.62772964
84.47269928
84.32096405
84.17251871
84.02733068
83.88538531
83.74670043
83.61130758
83.4792221
83.35042234
83.22487869
83.10259135
82.98358721
82.86789406
82.75551107
82.64640679
82.54056238
82.43799147
82.33872445
82.24277912
82.15013754
82.06076838
81.97466701
81.89185725
81.8123674
81.73620046
81.66332671
81.59372358
81.52740066
81.4643872
81.4047036
81.34833604
81.29525206
81.24544266
81.19892888
81.15573977
81.11588235
81.07932902
81.04605371
81.01606195
80.98938179
80.96603607
80.94601513
80.92928545
80.91583358
80.90567761
80.89884712
80.89535301
80.8951699
80.89826822
80.90464936
80.91433996
80.92736518
80.94371952
80.96336854
80.98629434
81.01251196
81.04205136
81.07492733
81.11111739
81.15058908
81.1933395
81.23939334
81.28877743
81.34149074
81.39750029
81.45678419
81.51935327
81.58523614
81.65444994
81.72697619
81.80278124
81.88185733
81.96422576
82.04991343
82.1389229
82.23122331
82.32678929
82.42562742
82.52776483
82.63322091
82.74198143
82.85401209
82.96930087
83.08786608
83.20973499
83.33491406
83.46337495
83.59508915
83.73005915
83.86831054
84.00986485
84.1547121
84.30281745
84.45416459
84.60876868
84.76665717
84.92784019
85.09229199
85.25998093
85.43090537
85.6050892
85.78255593
85.96329974
86.14728536
86.33449224
86.52493235
86.71863318
86.91560843
87.1158353
87.31927952
87.52593521
87.73582429
87.94897177
88.16537627
88.38500422
88.60783142
88.83386569
89.06313307
89.2956494
89.53139607
89.7703381
90.01246497
90.25779494
90.50635269
90.75814011
91.013126
91.27128302
91.53261473
91.79714534
92.06489258
92.33584207
92.60995865
92.88722779
93.16766461
93.45129386
93.73812101
94.02811772
94.32125394
94.61752922
94.91696601
95.21958382
95.52537244
95.83429666
96.14633796
96.46150826
96.77983213
97.10131839
97.42594153
97.75366885
98.0844959
98.41844322
98.75553189
99.09575573
99.43907958
99.78548102
100.1349687
100.487567
100.8432879
101.2021087
101.5639944
101.9289366
102.2969537
102.6680683
103.0422785
103.4195508
103.7998597
104.1832099
104.5696241
104.9591164
105.3516682
105.7472443
106.145832
106.547446
106.952108
107.359819
107.7705482
108.1842672
108.6009767
109.0206973
109.4434444
109.8692036
110.29794
110.7296372
111.1643068
111.6019702
112.0426317
112.4862634
112.9328347
113.3823426
113.8348058
114.290241
114.7486378
115.2099617
115.6741927
116.1413392
116.6114223
117.0844489
117.5603944
118.039226
118.5209368
119.0055434
119.493064
119.9834918
120.4767926
120.9729431
121.4719486
121.9738295
122.4785956
122.986225
123.4966831
124.0099594
124.5260684
125.0450291
125.5668389
126.0914653
126.6188823
127.1490915
127.6821117
128.2179545
128.7566019
129.2980196
129.842193
130.3891332
130.9388584
131.4913682
132.0466331
132.6046246
133.1653405
133.7287976
134.2950082
134.8639582
135.4356138
136.0099572
136.5869966
137.1667495
137.7492182
138.3343763
138.9221937
139.5126647
140.105804
140.701625
141.3001172
141.9012475
142.5049953
143.1113654
143.7203748
144.3320284
144.9463024
145.5631654
146.1826082
146.8046435
147.4292854
148.0565268
148.6863354
149.3186875
149.9535854
150.5910449
151.2310733
151.8736496
152.518741
153.1663351
153.8164425
154.469078
155.1242377
155.7818912
156.4420126
157.1046007
157.76967
158.4372291
159.1072607
159.7797322
160.4546283
161.1319561
161.8117296
162.4939468
163.1785712
163.8655218
164.554673
165.2458617
165.9388963
166.6335668
167.3296555
168.0269467
168.7252343
169.4243269
170.1240469
170.8242403
171.5247803
172.2255626
172.9265018
173.627528
174.328585
175.0296289
175.7306267
176.431555
177.1323989
177.8331504
178.5338067
179.2343694
179.9348433
180.6352352
181.3355534
182.0358069
182.736005
183.4361569
184.136271
184.8363554
185.5364172
186.2364625
186.9364969
187.6365247
188.3365496
189.0365745
189.7366016
190.4366326
191.1366685
191.8367101
192.5367577
193.2368113
193.9368709
194.636936
195.3370062
196.0370812
196.7371603
197.4372431
198.137329
198.8374176
199.5375085
200.2376013
200.9376955
201.6377911
202.3378876
203.037985
203.7380831
204.4381818
205.1382809
205.8383805
206.5384805
207.2385808
207.9386816
208.6387828
209.3388844
210.0389865
210.739089
211.4391921
