415.2633427
416.1819223
417.0997814
418.0168953
418.9332439
419.8488209
420.7636365
421.6777088
422.5910439
423.5036302
424.4154443
425.3264614
426.2366659
427.1460584
428.0546555
428.9624732
429.8695108
430.7757503
431.6811655
432.5857336
433.4894447
434.3923071
435.2943412
436.1955579
437.0959488
437.9954905
438.8941557
439.7919251
440.6887961
441.5847848
442.4799117
443.3741806
444.2675752
445.160068
446.0516327
446.9422554
447.831942
448.7207147
449.6085901
450.4955635
451.3816117
452.2667052
453.1508205
454.0339511
454.9161115
455.7973258
456.6776029
457.5569298
458.4352788
459.3126207
460.188938
461.0642333
461.9385286
462.811845
463.6841824
464.55552
465.4258268
466.2950765
467.1632588
468.0303861
468.8964846
469.7615685
470.6256282
471.488636
472.3505602
473.2113793
474.0710922
474.9297207
475.7872905
476.6438066
477.4992496
478.3535873
479.2067897
480.0588424
480.9097547
481.7595549
482.6082632
483.4558738
484.3023596
485.1476866
485.9918291
486.8347822
487.6765656
488.5172086
489.3567218
490.1950891
491.0322783
491.8682567
492.7030061
493.5365325
494.3688641
495.2000257
496.0300163
496.8588109
497.6863742
498.5126774
499.3377114
500.1614941
500.9840574
501.805417
502.6255604
503.4444551
504.2620656
505.0783697
505.8933697
506.707094
507.5195724
508.3308089
509.1407799
509.9494485
510.7567818
511.5627668
512.3674181
513.1707702
513.9728447
514.7736329
515.5731031
516.3712174
517.1679494
517.9632976
518.7572887
519.5499562
520.3413096
521.1313286
521.9199761
522.7072169
523.4930339
524.2774388
525.0604665
525.8421434
526.6224653
527.401402
528.1789142
528.954972
529.7295701
530.5027335
531.274499
532.0448812
532.8138627
533.581406
534.3474727
535.1120418
535.8751213
536.6367473
537.3969518
538.155735
538.9130677
539.6689084
540.4232232
541.1760026
541.9272688
542.6770619
543.4254021
544.1722756
544.9176455
545.6614709
546.403727
547.1444184
547.8835796
548.6212465
549.3574248
550.0920881
550.8251949
551.5567086
552.2866161
553.0149372
553.741713
554.4669687
555.1906943
555.9128538
556.6334043
557.3523175
558.0695943
558.7852684
559.4993798
560.2119388
560.9229212
561.6322844
562.3399885
563.0460165
563.7503851
564.4531379
565.1543056
565.8538822
566.5518317
567.2481089
567.9426812
568.6355456
569.326734
570.0162898
570.7042288
571.3905301
572.0751509
572.7580495
573.439205
574.1186311
574.7963707
575.4724588
576.1468939
576.8196425
577.4906591
578.1599085
578.8273846
579.4931172
580.1571521
580.8195097
581.4801718
582.1390959
582.7962377
583.4515729
584.105112
584.7568983
585.4069714
586.0553337
586.701953
587.3467819
587.9897819
588.630943
589.2702931
589.9078814
590.5437332
591.1778334
591.8101394
592.4406042
593.0691998
593.6959332
594.3208469
594.9439843
595.5653528
596.1849225
596.8026459
597.4184822
598.0324184
598.6444798
599.2547161
599.8631568
600.4697908
601.0745769
601.6774671
602.2784309
602.8774723
603.4746331
604.0699597
604.6634635
605.2551166
605.8448707
606.4326824
607.0185353
607.6024524
608.1844856
608.764669
609.3429943
609.9194203
610.4938968
611.0663899
611.6369004
612.2054692
612.7721467
613.3369486
613.8998491
614.4607994
615.0197536
615.576692
616.131635
616.6846344
617.2357284
617.7849126
618.3321479
618.8773835
619.4205833
619.9617457
620.5009098
621.0381277
621.573419
622.1067606
622.6381042
623.1674025
623.6946332
624.2198145
624.7429989
625.264228
625.7835003
626.3007774
626.8160073
627.3291512
627.8402046
628.3492057
628.8562103
629.3612416
629.8642782
630.3652709
630.8641698
631.3609495
631.8556256
632.348251
632.8388714
633.3274888
633.814066
634.2985504
634.7809008
635.2611103
635.739215
636.2152715
636.689307
637.1613032
637.631212
638.0989831
638.5645893
639.0280444
639.4894005
639.9487057
640.4059651
640.861143
641.3141863
641.7650524
642.2137319
642.6602599
643.1046948
643.5470667
643.9873592
644.4255241
644.8615091
645.2952846
645.7268622
646.1562954
646.583636
647.0088919
647.4320277
647.8529886
648.2717292
648.6882377
649.1025473
649.5147181
649.9247837
650.3327302
650.7385104
651.142071
651.5433809
651.94245
652.3393299
652.7340742
653.1266938
653.5171559
653.9054066
654.2914
654.675123
655.0566078
655.4359148
655.81308
656.1880914
656.560902
656.9314578
657.2997259
657.6657143
658.0294752
658.3910644
658.750495
659.1077347
659.4627285
659.8154288
660.1658204
660.5139345
660.859834
661.203558
661.5450959
661.8844004
662.2214158
662.556107
662.8884805
663.2185875
663.5464859
663.8721916
664.1956739
664.5168786
664.8357571
665.1522933
665.4665173
665.7784912
666.0882559
666.3958031
666.701087
667.0040524
667.3046637
667.6029264
667.8988919
668.1926188
668.4841246
668.7733796
669.0603291
669.3449237
669.6271456
669.9070245
670.184624
670.4599871
670.7331064
671.0039358
671.2724185
671.5385174
671.8022368
672.063628
672.3227525
672.5796298
672.8342305
673.0864995
673.3363861
673.5838714
673.8289839
674.0717872
674.3123261
674.5505951
674.7865492
675.0201324
675.251307
675.4800771
675.7064933
675.9306169
676.1524689
676.3720215
676.5892202
676.8040144
677.0163848
677.2263599
677.4340037
677.6393621
677.84243
678.0431627
678.2415032
678.4374133
678.630896
678.822003
679.0107977
679.1973021
679.381488
679.5633
679.742686
679.9196259
680.0941475
680.2663162
680.4361792
680.6037329
680.7689325
680.9317207
681.0920588
681.2499495
681.4054437
681.5586049
681.7094561
681.8579709
682.0040947
682.1477765
682.2889962
682.4277819
682.5641984
682.6982931
682.8300631
682.9594641
683.0864394
683.2109502
683.3329993
683.4526384
683.5699315
683.6849018
683.7975226
683.907739
684.0154992
684.120783
684.2236186
684.3240729
684.4221949
684.5179811
684.6113864
684.7023527
684.7908405
684.8768524
684.96044
685.0416683
685.1205616
685.1970935
685.2712093
685.3428578
685.4120188
685.478721
685.54303
685.6049945
685.6646121
685.7218389
685.7766182
685.8289119
685.8787232
685.9261043
685.9711195
686.0137927
686.0540975
686.0919795
686.1273876
686.1603024
686.1907529
686.218806
686.2445101
686.2678621
686.2888175
686.3073191
686.3233286
686.3368497
686.3479359
686.3566534
686.3630258
686.3670259
686.368598
686.3676907
686.3642843
686.3584085
686.35013
686.3394977
686.3265086
686.3111187
686.2932716
686.2729301
686.250099
686.2248315
686.1971923
686.1672046
686.1348419
686.1000501
686.0627794
686.0230117
685.9807777
685.9361444
685.8891593
685.8398186
685.788078
685.7338814
685.6771921
685.618016
685.5564077
685.4924322
685.4261116
685.3574182
685.2862971
685.2126984
685.1366047
685.0580479
684.9770963
684.8937975
684.8081467
684.7200987
684.6295973
684.5366063
684.4411326
684.343231
684.2429657
684.1403585
684.0353818
683.9279817
683.8181098
683.7057505
683.5909369
683.473736
683.3541939
683.2323053
683.1080256
682.9813002
682.8520948
682.7204179
682.5863255
682.4498808
682.3111038
682.1699658
682.0264129
681.8803975
681.7319052
681.5809708
681.4276626
681.2720255
681.1140526
680.953698
680.7909068
680.6256454
680.4579237
680.287799
680.1153344
679.9405487
679.7634124
679.5838717
679.4018796
679.2174236
679.0305393
678.8412942
678.6497318
678.4558443
678.2595869
678.0609064
677.8597715
677.6561942
677.4502321
677.2419463
677.0313538
676.8184246
676.6031058
676.3853525
676.1651541
675.9425482
675.7176023
675.4903576
675.2608045
675.0288973
674.7945836
674.5578334
674.3186607
674.0771249
673.8332871
673.587162
673.3387177
673.0879007
672.8346666
672.5790064
672.3209592
672.0605925
671.7979461
671.5330091
671.2657359
670.9960749
670.7239986
670.4495228
670.1727067
669.893609
669.6122427
669.3285763
669.0425579
668.754146
668.4633341
668.1701633
667.8746998
667.5769803
667.2769927
666.974691
666.6700256
666.3629709
666.0535451
665.7418088
665.4278185
665.1115849
664.7930746
664.4722361
664.149029
663.8234491
663.4955397
663.165368
662.8329688
662.4983271
662.161396
661.8221261
661.4804934
661.1365179
660.7902609
660.441777
660.0910751
659.7381214
659.3828656
659.0252699
658.6653327
658.3030986
657.938632
657.571965
657.2030819
656.8319372
656.4584843
656.0827024
655.7046144
655.3242817
654.9417559
654.5570431
654.1701085
653.7809028
653.3893902
652.9955717
652.599494
652.2012207
651.8007809
651.3981564
650.9933011
650.5861694
650.1767429
649.7650469
649.3511439
648.9350842
648.5168708
648.0964677
647.6738257
647.2489109
646.8217268
646.3923213
645.9607563
645.5270581
645.0912077
644.6531598
644.2128713
643.770327
643.3255546
642.8786156
642.4295564
641.9783781
641.525045
641.06951
640.6117426
640.1517494
639.6895799
639.2252938
638.7589139
638.2904191
637.8197644
637.3469087
636.8718394
636.3945868
635.9152131
635.4337619
634.9502311
634.4645836
633.9767731
633.486771
632.9945865
632.500271
632.0038828
631.5054418
631.004925
630.5022878
629.9974909
629.4905243
628.9814208
628.4702411
627.9570255
627.4417702
626.9244385
626.4049862
625.8833884
625.3596575
624.8338454
624.306007
623.7761588
623.244277
622.7103183
622.1742462
621.6360545
621.0957782
620.5534772
620.0091881
619.4629041
618.9145878
618.3641968
617.8117088
617.2571389
616.700541
616.1419679
615.5814327
615.0189092
614.4543543
613.8877335
613.319043
612.74832
612.1756238
611.6009878
611.024403
610.445832
609.8652342
609.2825903
608.6979185
608.1112721
607.5227005
606.9322139
606.339786
605.7453756
605.1489519
604.5505146
603.9501031
603.347774
602.7435568
602.1374402
601.5293875
600.9193604
600.307343
599.6933564
599.0774546
598.4596834
597.8400495
597.2185251
596.5950701
595.9696561
595.3422858
594.7130009
594.0818576
593.4488816
592.8140588
592.1773518
591.5387241
590.8981623
590.2556898
589.6113607
588.9652176
588.3172644
587.6674731
587.0158053
586.3622357
585.7067705
585.0494523
584.3903335
583.7294365
583.0667461
582.4022266
581.7358448
581.0675912
580.3974924
579.725601
579.0519557
578.3765573
577.6993772
577.0203788
576.33954
575.6568699
574.9724129
574.2862189
573.5983061
572.9086573
572.217237
571.5240143
570.8289828
570.1321713
569.4336329
568.7334028
568.0314786
567.327831
566.6224246
565.91524
565.2062892
564.4956169
563.7832703
563.0692642
562.3535806
561.6361853
560.9170509
560.1961742
559.4735863
558.7493377
558.0234593
557.2959468
556.5667716
555.8359013
555.1033205
554.3690442
553.6331178
552.8955843
552.1564551
551.4157107
550.6733183
549.9292531
549.1835153
548.4361379
547.6871702
546.9366391
546.1845376
545.4308367
544.675506
543.9185327
543.1599347
542.3997578
541.6380423
540.8747961
540.1099986
539.3436182
538.5756329
537.8060457
537.0348911
536.2622156
535.4880426
534.7123634
533.9351503
533.1563758
532.3760309
531.594136
530.8107357
530.025866
529.2395321
528.4517132
527.6623801
526.8715142
526.079122
525.2852391
524.4899092
523.6931517
522.894956
522.0952949
521.2941436
520.491496
519.6873749
518.8818247
518.0748779
517.2665364
516.4567787
515.6455769
514.8329153
514.0188028
513.2032761
512.3863764
511.5681195
510.7484936
509.9274725
509.105034
508.2811752
507.4559206
506.6293126
505.8013799
504.9721222
504.1415187
503.3095445
502.4761873
501.6414589
500.805396
499.9680361
499.1293914
498.2894493
497.4481853
496.6055804
495.7616346
494.9163745
494.0698406
493.2220573
492.3730222
491.5227146
490.6711117
489.818204
488.9640057
488.1085542
487.2518839
486.3940038
485.5349
484.6745491
483.8129344
482.9500587
482.0859497
481.2206457
480.3541678
479.4865119
478.6176582
477.7475864
476.8762902
476.0037861
475.1301099
474.255292
473.3793391
472.5022374
471.6239661
470.7445121
469.863881
468.9821012
468.0992081
467.2152189
466.3301282
465.4439172
464.5565684
463.6680785
462.7784656
461.8877647
460.9960027
460.1031833
459.2092927
458.3143117
457.4182298
456.5210552
455.6228169
454.723548
453.8232625
452.9219536
452.0196032
451.1161962
450.2117316
449.3062292
448.399722
447.4922335
446.5837657
445.6743053
444.7638357
443.8523495
442.9398569
442.0263864
441.1119673
440.1966109
439.2803101
438.3630489
437.4448156
436.525612
435.6054588
434.684387
433.7624161
432.8395466
431.9157658
430.9910594
430.0654226
429.1388675
428.2114223
427.2831129
426.353948
425.4239197
424.4930139
423.5612211
422.6285454
421.695008
420.7606381
419.8254523
418.8894493
417.9526174
417.0149445
416.0764284
415.1370825
414.1969334
413.256004
412.3143009
411.3718166
410.4285392
409.4844622
408.5395917
407.5939491
406.6475602
405.7004384
404.7525823
403.8039815
402.8546269
401.9045187
400.9536715
400.0021103
399.0498547
398.096909
397.1432666
396.1889174
395.2338574
394.2780945
393.3216497
392.3645461
391.4067948
390.4483933
389.4893329
388.5296065
387.5692165
386.608178
385.6465143
384.6842418
383.7213639
382.7578744
381.7937657
380.8290361
379.8636945
378.8977611
377.9312559
376.9641877
375.9965544
375.0283493
374.0595682
373.0902152
372.1203056
371.14986
370.1788921
369.2074042
368.2353917
367.2628493
366.2897776
365.3161865
364.3420949
363.3675197
362.3924678
361.4169376
360.4409241
359.4644255
358.4874474
357.5100047
356.5321157
355.5537917
354.5750345
353.5958406
352.616207
351.6361359
350.6556379
349.6747298
348.6934261
347.7117325
346.729648
345.7471699
344.7642985
343.7810406
342.7974101
341.8134224
340.8290867
339.8444051
338.8593759
337.8739987
336.8882775
335.9022226
334.9158489
333.9291679
332.9421847
331.9548993
330.9673114
329.9794232
328.9912422
328.002781
327.0140523
326.0250637
325.0358176
324.0463142
323.0565551
322.0665455
321.0762955
320.0858174
319.0951208
318.1042102
317.1130871
316.1217532
315.1302124
314.1384723
313.1465437
312.1544369
311.1621583
310.1697113
309.1770982
308.1843226
307.1913905
306.198311
305.2050938
304.2117465
303.2182739
302.2246794
301.2309669
300.2371417
299.2432111
298.2491839
297.2550678
296.2608688
295.2665912
294.2722397
293.2778194
292.283337
291.2887998
290.2942152
289.2995892
288.3049274
287.3102349
286.3155177
285.320782
284.3260345
283.3312815
282.3365288
281.3417821
280.3470475
279.3523315
278.3576409
277.3629823
276.3683612
275.3737823
274.379251
273.3847738
272.3903579
271.3960111
270.4017402
269.4075507
268.4134462
267.4194309
266.4255111
265.4316945
264.4379898
263.4444049
262.4509456
261.4576152
260.4644164
259.471354
258.478436
257.4856718
256.4930708
255.5006398
254.5083825
253.5162999
252.5243953
251.5326756
250.5411508
249.5498314
248.5587262
247.56784
246.5771733
245.586727
244.5965061
243.6065203
242.6167813
241.6272996
240.638082
239.6491297
238.6604415
237.6720201
236.6838736
235.6960139
234.7084536
233.7212014
232.7342605
231.7476288
230.7613058
229.7752974
228.7896152
227.8042728
226.8192815
225.8346472
224.8503684
223.8664419
222.8828702
221.8996634
220.9168356
219.9344007
218.9523676
217.970737
216.989504
216.0086672
215.0282339
214.0482178
213.0686348
212.0894969
211.1108084
210.132565
209.1547615
208.177401
207.2004956
206.2240618
205.2481145
204.2726618
203.2977021
202.323228
201.3492378
200.3757404
199.4027517
198.4302889
197.4583641
196.4869795
195.5161276
194.5458024
193.576008
192.6067588
191.6380732
190.669967
189.7024468
188.7355079
187.7691406
186.8033437
185.8381282
184.8735127
183.9095157
182.9461491
181.9834122
181.0212944
180.0597885
179.0989007
178.138648
177.1790511
176.2201264
175.2618788
174.3043001
173.3473789
172.3911147
171.435521
170.4806186
169.5264271
168.5729571
167.6202051
166.6681577
165.7168082
164.7661646
163.8162461
162.8670748
161.9186666
160.971024
160.0241351
159.0779874
158.1325824
157.187936
156.2440713
155.3010086
154.3587569
153.4173089
152.4766486
151.53677
150.5976838
149.6594123
148.7219792
147.7853995
146.849673
145.9147836
144.980718
144.04748
143.1150885
142.1835693
141.252943
140.3232164
139.3943786
138.4664116
137.5393106
136.613089
135.6877716
134.7633827
133.8399362
132.9174279
131.9958391
131.0751569
130.1553876
129.2365527
128.3186793
127.4017873
126.4858805
125.5709437
124.6569578
123.7439202
122.8318477
121.9207675
121.0107046
120.1016708
119.1936579
118.2866438
117.3806168
116.4755861
115.571577
114.6686181
113.7667287
112.8659092
111.9661399
111.0674008
110.1696919
109.2730335
108.3774554
107.4829828
106.5896252
105.69737
104.8061929
103.9160837
103.0270552
102.1391349
101.2523524
100.366725
99.48224885
98.59890085
97.71666167
96.83553442
95.9555425
95.07671721
94.19908308
93.322646
92.44738837
91.57328464
90.7003273
89.8285328
88.95793183
88.08855442
87.22041583
86.35350758
85.48780234
84.62328182
83.75995309
82.89784347
82.03698629
81.17740529
80.31910265
79.46205584
78.60623815
77.75164508
76.89829703
76.04622738
75.19546621
74.34602591
73.49789308
72.65103806
71.80544463
70.96112352
70.11810489
69.27642267
68.43609835
67.59712937
66.75948886
65.92315092
65.08811483
64.25440472
63.42205585
62.59109738
61.76153794
60.93335858
60.10652755
59.28103176
58.45688648
57.63412528
56.81278287
55.9928784
55.17440417
54.35732829
53.54162569
52.72730017
51.91438041
51.10290406
50.29289944
49.48437119
48.67729495
47.87163764
47.06738953
46.26457026
45.46321615
44.66336179
43.865023
43.06818655
42.27281788
41.47889446
40.6864243
39.8954392
39.1059773
38.31806432
37.53169961
36.74685357
35.96349379
35.181615
34.40124126
33.62241125
32.84515868
32.06949537
31.29540196
30.52284105
29.75179348
28.98227252
28.21431393
27.44795684
26.68322449
25.92011072
25.15858009
24.39860063
23.64017213
22.88332379
22.128097
21.37452468
20.62261432
19.87234068
19.12366483
18.37657136
17.6310783
16.88722429
16.14504812
15.4045693
14.66577544
13.92862795
13.19309786
12.45918975
11.72693633
10.99637948
10.2675492
9.540447213
8.815042137
8.091295335
7.369196466
6.648768782
5.930053758
5.213089482
4.497891253
3.784440072
3.07269359
2.362626318
1.65424883
0.947598374
0.242718114
-0.46036453
-1.161653643
-1.861186892
-2.559002669
-3.255105911
-3.949467897
-4.642044363
-5.332798254
-6.021718996
-6.708832049
-7.394181478
-8.077788589
-8.759637577
-9.439688093
-10.11789743
-10.79424228
-11.46873351
-12.14141289
-12.81231569
-13.48144124
-14.14875665
-14.8142168
-15.47778756
-16.13946444
-16.7992798
-17.45727803
-18.11347488
-18.76784859
-19.42035552
-20.07095352
-20.71962369
-21.36638398
-22.01128093
-22.65434643
-23.29557319
-23.93492315
-24.57234957
-25.20782092
-25.84133883
-26.47294231
-27.1026757
-27.73054904
-28.35653477
-28.98058641
-29.60266309
-30.22275105
-30.84087529
-31.45708429
-32.07140528
-32.68382525
-33.29430282
-33.9027918
-34.50926515
-35.11373177
-35.71623579
-36.31681845
-36.91548343
-37.51219826
-38.10691516
-38.69959609
-39.2902336
-39.87886026
-40.46552564
-41.05025104
-41.6330168
-42.21377768
-42.7924879
-43.36912494
-43.9437052
-44.51627856
-45.08688319
-45.65551555
-46.2221374
-46.78669895
-47.34916474
-47.90953365
-48.4678453
-49.02414935
-49.57846109
-50.13075478
-50.68098233
-51.22909948
-51.77508929
-52.31897578
-52.86081106
-53.40062817
-53.93841732
-54.47413672
-55.00773724
-55.53918825
-56.06849638
-56.59570733
-57.1208679
-57.64398632
-58.16503115
-58.68395248
-59.20070873
-59.71528939
-60.22772661
-60.73807443
-61.24635973
-61.75256538
-62.2566452
-62.75855019
-63.25825435
-63.75577212
-64.25115589
-64.74444983
-65.23565449
-65.72473202
-66.21163014
-66.69630973
-67.17876681
-67.6590409
-68.1371863
-68.61322356
-69.08712923
-69.55885426
-70.02835149
-70.49560088
-70.96062512
-71.42347914
-71.88420149
-72.34278595
-72.79919088
-73.25336475
-73.7052736
-74.15492165
-74.60235542
-75.04762673
-75.49074843
-75.9316906
-76.37040183
-76.80683736
-77.24098366
-77.67287191
-78.10255992
-78.53007998
-78.95541787
-79.37852702
-79.79935576
-80.21787477
-80.63409625
-81.04807382
-81.4598569
-81.86945044
-82.27681787
-82.68190538
-83.0846709
-83.48510773
-83.88325484
-84.27917036
-84.6728799
-85.06436256
-85.45356886
-85.84044911
-86.22498031
-86.60718339
-86.98711532
-87.36481974
-87.74029412
-88.11349749
-88.48437648
-88.85289417
-89.21905224
-89.58289744
-89.94448596
-90.30383529
-90.66091742
-91.01568
-91.36807561
-91.71808782
-92.06574644
-92.41111226
-92.75422274
-93.09506682
-93.43359809
-93.76976276
-94.10352848
-94.43490511
-94.76394662
-95.09070699
-95.41519559
-95.73737767
-96.0571986
-96.37461391
-96.68961436
-97.00223796
-97.31254588
-97.62056851
-97.92628777
-98.22965424
-98.53061623
-98.82914803
-99.12526859
-99.4190362
-99.71049902
-99.99965828
-100.2864742
-100.570892
-100.8528723
-101.1324143
-101.4095643
-101.6843823
-101.9568902
-102.2270623
-102.4948458
-102.7601911
-103.0230792
-103.2835381
-103.5416309
-103.7973998
-104.0508371
-104.301897
-104.5505242
-104.7966836
-105.0403828
-105.2816754
-105.5206192
-105.757228
-105.9914692
-106.2232878
-106.4526376
-106.679507
-106.9039326
-107.125978
-107.3456779
-107.5630172
-107.7779472
-107.9904145
-108.2003913
-108.4078943
-108.6129824
-108.8157079
-109.0160755
-109.2140471
-109.4095672
-109.6025943
-109.7931252
-109.9812053
-110.1668977
-110.3502285
-110.5311744
-110.7096828
-110.8857025
-111.059212
-111.2302375
-111.3988436
-111.5650767
-111.7289325
-111.8903664
-112.049322
-112.2057619
-112.3596915
-112.5111636
-112.660239
-112.8069355
-112.9512231
-113.0930472
-113.2323601
-113.3691481
-113.5034464
-113.6353201
-113.7648078
-113.8918975
-114.0165414
-114.1386855
-114.2582997
-114.3753988
-114.4900418
-114.602284
-114.7121339
-114.8195552
-114.9244923
-115.026902
-115.1267788
-115.2241671
-115.3191321
-115.4117038
-115.5018615
-115.5895534
-115.674727
-115.7573589
-115.8374731
-115.9151347
-115.9903938
-116.0632495
-116.1336588
-116.2015652
-116.2669297
-116.3297555
-116.3900943
-116.4480091
-116.5035214
-116.5566038
-116.6072026
-116.6552691
-116.7007879
-116.7437924
-116.7843483
-116.8224979
-116.8582321
-116.8915045
-116.9222609
-116.9504695
-116.9761431
-116.9993402
-117.0201187
-117.0384906
-117.0544215
-117.0678563
-117.0787496
-117.0870697
-117.0927609
-117.0957296
-117.0958644
-117.0930697
-117.0872901
-117.0784905
-117.0666164
-117.051593
-117.0333485
-117.0118443
-116.9870816
-116.959061
-116.9277558
-116.8931246
-116.8551386
-116.8138071
-116.7691613
-116.7212108
-116.6699361
-116.6153106
-116.5573304
-116.496028
-116.4314349
-116.36355
-116.2923492
-116.217813
-116.1399546
-116.0588125
-115.9744039
-115.8867137
-115.7957138
-115.7013946
-115.6037828
-115.5029101
-115.3987777
-115.2913606
-115.180635
-115.0666066
-114.9493099
-114.8287648
-114.7049585
-114.5778632
-114.4474648
-114.3137853
-114.1768575
-114.0366867
-113.8932508
-113.7465242
-113.5965082
-113.4432353
-113.286729
-113.1269809
-112.963964
-112.7976616
-112.6280912
-112.4552872
-112.2792595
-112.099989
-111.9174497
-111.7316383
-111.5425853
-111.3503182
-111.1548327
-110.9561035
-110.754111
-110.5488685
-110.3404115
-110.1287546
-109.9138818
-109.6957667
-109.4744016
-109.249815
-109.0220377
-108.79107
-108.5568878
-108.3194693
-108.0788233
-107.8349862
-107.5879772
-107.3377833
-107.0843779
-106.8277494
-106.5679223
-106.3049299
-106.038777
-105.7694424
-105.4969028
-105.2211626
-104.9422561
-104.6602066
-104.375006
-104.0866293
-103.7950627
-103.5003269
-103.2024563
-102.9014607
-102.5973219
-102.2900167
-101.9795452
-101.6659394
-101.3492259
-101.0294008
-100.7064406
-100.3803292
-100.0510827
-99.71873615
-99.38330349
-99.04476982
-98.70311162
-98.35832508
-98.01043943
-97.65948437
-97.30546016
-96.94834506
-96.58812099
-96.22479952
-95.85841613
-95.48898902
-95.11650655
-94.74094524
-94.36229759
-93.98059003
-93.59585517
-93.20809743
-92.81729698
-92.42343391
-92.02651553
-91.62657742
-91.22364188
-90.81770059
-90.40873026
-89.99671988
-89.58169222
-89.16368166
-88.74269695
-88.31872087
-87.8917327
-87.46173558
-87.02876271
-86.59283974
-86.15396284
-85.71211073
-85.26727074
-84.81946155
-84.36871799
-83.9150532
-83.45845353
-82.99889859
-82.53638807
-82.07095238
-81.60261986
-81.13139075
-80.65724569
-80.18017028
-79.70017889
-79.21730615
-78.73156903
-78.24295709
-77.75145016
-77.25704456
-76.75976761
-76.25965002
-75.75669597
-75.2508881
-74.74221055
-74.23067357
-73.71631144
-73.19914482
-72.67916655
-72.15635695
-71.63070927
-71.10224778
-70.57100532
-70.03698996
-69.50018644
-68.9605777
-68.41817008
-67.87299731
-67.32508353
-66.77442485
-66.22100222
-65.66480606
-65.1058571
-64.54418946
-63.97981502
-63.4127211
-62.84289017
-62.27032488
-61.69505636
-61.11711139
-60.53649015
-59.95317571
-59.36715726
-58.77845166
-58.18709273
-57.59309621
-56.99645297
-56.3971463
-55.79517611
-55.19057056
-54.58335846
-53.97354375
-53.36111165
-52.74605026
-52.12837253
-51.50811146
-50.88528601
-50.25989015
-49.63190784
-49.00133624
-48.36820033
-47.7325305
-47.09433423
-46.45359889
-45.81031167
-45.16448188
-44.51614159
-43.86531277
-43.21199252
-42.55616563
-41.89782686
-41.23699814
-40.57371123
-39.90797704
-39.23978511
-38.569122
-37.89599364
-37.22043104
-36.54245894
-35.86207751
-35.17927247
-34.49403648
-33.80638823
-33.11636023
-32.42396664
-31.72919942
-31.03204499
-30.33250614
-29.63061125
-28.92638698
-28.21983703
-27.51094923
-26.79971545
-26.08615087
-25.37028715
-24.65214158
-23.93170949
-23.20897852
-22.48394943
-21.75664768
-21.02710126
-20.29531719
-19.56128553
-18.82499762
-18.08646532
-17.345719
-16.60277845
-15.8576419
-15.11029792
-14.36074521
-13.60900619
-12.85510967
-12.09906567
-11.34086641
-10.58050284
-9.817983776
-9.053338251
-8.286588339
-7.517735061
-6.746768091
-5.973684432
-5.198503615
-4.421255123
-3.641951792
-2.860587974
-2.077154503
-1.291657453
-0.504124456
0.285420395
1.076973403
1.870543711
2.666135742
3.463732768
4.26330501
5.064837064
5.868332399
6.67380003
7.481236383
8.290616333
9.101914577
9.915124521
10.73025331
11.54730574
12.36626806
13.18711176
14.00981908
14.83439046
15.6608335
16.48914593
17.31930529
18.15128565
18.98507766
19.8206863
20.65811641
21.49735687
22.33838074
23.18116851
24.02571813
24.87203603
25.72012134
26.56995432
27.42150887
28.2747733
29.12975058
29.98644546
30.84484917
31.70493636
32.56668599
33.43009367
34.29516458
35.16189888
36.03027935
36.90027981
37.77188649
38.64510039
39.51992595
40.39635643
41.27436803
42.15393848
43.03506121
43.9177401
44.80197608
45.68775421
46.57504848
47.46384328
48.35413773
49.24593585
50.13923266
51.03400658
51.93023482
52.82790861
53.72703002
54.62759998
55.52960585
56.43302313
57.33783466
58.24403709
59.1516329
60.06061786
60.97097264
61.88267443
62.79571241
63.71008669
64.62579784
65.5428351
66.46117563
67.38080126
68.30170667
69.22389308
70.14735698
71.0720813
71.99804359
72.92523143
73.85364318
74.78327892
75.71412953
76.64617375
77.57939271
78.51377926
79.44933335
80.38605188
81.32391974
82.26291498
83.20302383
84.14424298
85.08657188
86.03000266
86.97451561
87.92009138
88.86672126
89.81440389
90.76313634
91.7129052
92.66368915
93.61547339
94.56825307
95.5220269
96.47678798
97.43251841
98.38919889
99.34681926
100.3053767
101.2648678
102.2252807
103.1865957
104.1487973
105.1118787
106.0758373
107.0406664
108.00635
108.9728692
109.9402126
110.9083757
111.8773546
112.8471384
113.817709
114.7890504
115.7611548
116.7340181
117.7076337
118.6819873
119.6570608
120.632842
121.609325
122.586505
123.5643721
124.5429095
125.5221015
126.5019388
127.4824163
128.4635274
129.4452587
130.4275933
131.4105184
132.3940267
133.3781127
134.3627669
135.347974
136.3337183
137.3199898
138.3067822
139.2940884
140.2818962
141.2701896
142.2589555
143.2481856
144.2378733
145.2280096
146.2185802
147.2095703
148.2009691
149.1927689
150.1849622
151.1775375
152.17048
153.1637768
154.1574186
155.1513975
156.1457043
157.1403259
158.1352483
159.1304603
160.1259533
161.1217186
162.1177451
163.1140195
164.1105293
165.1072642
166.1042155
167.1013734
168.0987257
169.0962596
170.0939639
171.0918288
172.0898448
173.088001
174.0862852
175.0846854
176.0831912
177.0817926
178.0804791
179.0792393
180.0780615
181.0769346
182.0758483
183.0747919
184.0737543
185.0727242
186.0716907
187.0706432
188.0695706
189.0684617
190.0673054
191.0660911
192.0648083
193.0634461
194.0619928
195.0604367
196.0587674
197.0569752
198.0550494
199.0529781
200.0507492
201.0483514
202.0457754
203.0430115
204.0400484
205.0368734
206.0334741
207.0298407
208.0259646
209.0218356
210.0174412
211.0127682
212.0078051
213.0025435
213.9969749
214.9910878
215.9848687
216.9783045
217.9713853
218.964104
219.9564509
220.9484132
221.9399765
222.9311289
223.9218627
224.9121705
225.9020413
226.8914607
227.8804144
228.8688926
229.8568893
230.8443959
231.8313993
232.8178841
233.8038375
234.7892524
235.7741228
236.7584383
237.7421838
238.7253438
239.7079081
240.6898718
241.6712279
242.6519631
243.6320609
244.6115075
245.5902959
246.5684219
247.5458758
248.522642
249.4987038
250.4740501
251.448677
252.4225787
253.3957425
254.3681512
255.3397896
256.3106506
257.2807315
258.2500237
259.2185116
260.1861777
261.1530098
262.1190046
263.0841582
264.0484583
265.0118873
265.9744288
266.9360752
267.8968249
268.8566709
269.8155976
270.7735863
271.7306239
272.6867072
273.6418339
274.5959929
275.5491659
276.5013352
277.4524924
278.4026371
279.3517639
280.2998578
281.2468989
282.1928727
283.1377759
284.0816083
285.02436
285.9660124
286.9065462
287.845952
288.7842305
289.7213785
290.6573812
291.5922181
292.5258728
293.4583418
294.3896269
295.3197199
296.2486018
297.1762521
298.1026594
299.0278252
299.9517481
300.8744147
301.7958038
302.7158973
303.6346911
304.5521881
305.4683821
306.3832551
307.2967853
308.2089604
309.1197817
310.0292501
310.9373536
311.8440707
312.7493822
313.6532824
314.5557756
315.4568575
316.3565108
317.254713
318.1514495
319.0467217
319.9405324
320.8328712
321.7237167
322.6130479
323.5008576
324.3871511
325.2719267
326.1551678
327.036851
327.9169599
328.7954951
329.6724619
330.5478518
331.4216434
332.293814
333.1643547
334.0332717
334.9005661
335.7662224
336.6302163
337.4925292
338.3531611
339.2121194
340.0693981
340.9249758
341.7788282
342.630944
343.4813298
344.329989
345.1769079
346.022062
346.8654308
347.7070125
348.546816
349.3848378
350.2210578
351.0554513
351.8880048
352.7187248
353.547617
354.3746701
355.1998597
356.0231638
356.8445787
357.6641142
358.4817696
359.2975261
360.1113579
360.9232497
361.7332066
362.5412369
363.3473315
364.1514663
364.9536176
365.7537793
366.5519623
367.3481687
368.1423812
368.9345732
369.724727
370.5128466
371.2989429
372.0830093
372.8650221
373.6449558
374.4228021
375.1985725
375.9722723
376.743886
377.5133862
378.2807528
379.0459883
379.8091063
380.5701029
381.3289551
382.0856357
382.8401334
383.5924597
384.3426229
385.0906097
385.8363928
386.5799497
387.3212807
388.0604005
388.7973085
389.5319836
390.2643979
390.994538
391.7224229
392.448114
393.1717163
393.8933732
394.6132582
395.3315653
396.048499
396.7642645
397.4790596
398.1930695
398.9064668
399.6194021
400.3319993
401.0443606
401.75657
402.4686958
403.1807931
403.8929049
404.6050635
405.3172917
406.0296041
406.7420085
407.4545077
408.1671001
408.8797811
409.5925441
410.3053809
411.0182827
411.7312405
412.4442454
413.1572889
413.8703632
414.5834612
415.2965769
416.0097049
416.7228407
417.4359808
418.1491223
418.862263
419.5754013
420.2885361
421.0016668
421.714793
422.4279147
423.141032
423.8541453
424.5672549
425.2803614
425.9934653
426.7065669
427.4196669
428.1327657
428.8458637
429.5589612
430.2720586
430.9851562
431.6982542
432.4113527
433.124452
433.8375521
434.5506531
435.2637551
435.976858
436.689962
437.4030669
438.1161729
438.8292798
439.5423876
440.2554963
440.9686059
